Longitude Latitude Value Stock_out_ratio Avg_dist_loc
-122.37000 47.58000 -0.00027 0.79770 0.67579
-122.37000 47.58316 -0.00012 0.49006 0.36045
-122.37000 47.62737 0.00227 0.11657 0.41792
-122.37000 47.63053 -0.00004 0.17933 0.49407
-122.37000 47.63368 0.00103 0.27549 0.62213
-122.37000 47.63684 0.00120 0.23083 0.39075
-122.37000 47.64000 0.00083 0.30063 0.43380
-122.36526 47.58000 -0.00027 0.76507 0.68633
-122.36526 47.58316 -0.00012 0.48922 0.38984
-122.36526 47.62421 0.00302 0.04380 0.32621
-122.36526 47.62737 0.00194 0.06473 0.38825
-122.36526 47.63053 0.00120 0.11776 0.52827
-122.36526 47.63368 0.00111 0.16997 0.55640
-122.36526 47.63684 0.00133 0.14679 0.36600
-122.36526 47.64000 0.00099 0.17196 0.30893
-122.36053 47.62105 0.00353 0.02739 0.32449
-122.36053 47.62421 0.00350 0.02979 0.32795
-122.36053 47.62737 0.00529 0.04834 0.40667
-122.36053 47.63053 0.00496 0.07441 0.43214
-122.36053 47.63368 0.00113 0.11205 0.47585
-122.36053 47.63684 0.00129 0.11355 0.40398
-122.36053 47.64000 0.00085 0.16425 0.43489
-122.35579 47.58000 -0.00027 0.57187 0.61648
-122.35579 47.58316 -0.00002 0.28972 0.31447
-122.35579 47.58632 -0.00021 0.42948 0.50335
-122.35579 47.61474 0.00456 0.02640 0.33945
-122.35579 47.61789 0.00933 0.02224 0.34452
-122.35579 47.62105 0.00338 0.02492 0.38371
-122.35579 47.62421 0.00350 0.02616 0.33861
-122.35579 47.62737 0.00315 0.03950 0.38953
-122.35579 47.63053 0.00248 0.07401 0.52097
-122.35579 47.63368 0.00124 0.09677 0.48691
-122.35579 47.63684 0.00155 0.08277 0.32266
-122.35579 47.64000 0.00112 0.13661 0.38007
-122.35105 47.58000 -0.00027 0.61335 0.76296
-122.35105 47.58316 -0.00013 0.39065 0.53180
-122.35105 47.58632 -0.00026 0.46252 0.68627
-122.35105 47.61474 0.01459 0.01625 0.32895
-122.35105 47.61789 0.02092 0.01841 0.38488
-122.35105 47.62105 0.01579 0.02336 0.42889
-122.35105 47.62421 0.00454 0.03007 0.47417
-122.35105 47.62737 0.00301 0.03850 0.47949
-122.35105 47.63053 0.00120 0.06796 0.61796
-122.35105 47.63368 0.00105 0.08999 0.59717
-122.35105 47.63684 0.00104 0.10154 0.51045
-122.35105 47.64000 0.00075 0.17712 0.59760
-122.34632 47.58000 -0.00027 0.62339 1.00525
-122.34632 47.58316 -0.00027 0.45866 0.89542
-122.34632 47.58632 -0.00027 0.36629 0.85593
-122.34632 47.58947 -0.00027 0.33941 0.89343
-122.34632 47.61158 0.00860 0.01376 0.35297
-122.34632 47.61474 0.01958 0.01331 0.36371
-122.34632 47.61789 0.02122 0.01610 0.41695
-122.34632 47.62105 0.01573 0.01982 0.47405
-122.34632 47.62421 0.00243 0.02110 0.44859
-122.34632 47.62737 0.00415 0.02362 0.42119
-122.34632 47.63053 0.00195 0.03214 0.42460
-122.34632 47.63368 0.00175 0.04617 0.44652
-122.34632 47.63684 0.00170 0.06098 0.40930
-122.34632 47.64000 0.00132 0.10532 0.45085
-122.34158 47.58000 -0.00036 0.35285 0.76370
-122.34158 47.58316 -0.00035 0.21544 0.69777
-122.34158 47.58632 -0.00035 0.12771 0.58292
-122.34158 47.58947 -0.00001 0.09576 0.53096
-122.34158 47.59263 -0.00036 0.11882 0.73511
-122.34158 47.60526 0.00492 0.01632 0.41119
-122.34158 47.60842 0.00831 0.01038 0.32430
-122.34158 47.61158 0.02285 0.00961 0.32714
-122.34158 47.61474 0.01816 0.01140 0.38222
-122.34158 47.61789 0.00726 0.01207 0.38979
-122.34158 47.62105 0.00460 0.01177 0.37199
-122.34158 47.62421 0.00435 0.01281 0.38019
-122.34158 47.62737 0.00575 0.01256 0.28854
-122.34158 47.63053 0.00403 0.01963 0.32582
-122.34158 47.63368 0.00379 0.02663 0.28108
-122.34158 47.63684 0.00343 0.04103 0.30791
-122.34158 47.64000 0.00165 0.06114 0.27526
-122.33684 47.58000 0.00003 0.13144 0.41532
-122.33684 47.58316 0.00017 0.07573 0.42606
-122.33684 47.58632 0.00072 0.04480 0.37083
-122.33684 47.58947 0.00165 0.02997 0.30470
-122.33684 47.59263 0.00051 0.03970 0.47445
-122.33684 47.59579 0.00071 0.03141 0.48731
-122.33684 47.59895 0.00127 0.01919 0.41800
-122.33684 47.60211 0.00736 0.01141 0.31236
-122.33684 47.60526 0.02009 0.00922 0.31513
-122.33684 47.60842 0.01954 0.00879 0.32632
-122.33684 47.61158 0.01665 0.00950 0.34566
-122.33684 47.61474 0.01877 0.01094 0.37571
-122.33684 47.61789 0.01868 0.01113 0.37156
-122.33684 47.62105 0.00867 0.00924 0.30056
-122.33684 47.62421 0.00889 0.01015 0.30770
-122.33684 47.62737 0.00383 0.01387 0.32153
-122.33211 47.58000 0.01099 0.09928 0.40098
-122.33211 47.58316 0.00051 0.05483 0.39285
-122.33211 47.58632 0.00122 0.03300 0.34741
-122.33211 47.58947 0.00180 0.02376 0.31536
-122.33211 47.59263 0.00112 0.02411 0.37872
-122.33211 47.59579 0.00215 0.01769 0.37402
-122.33211 47.59895 0.00734 0.01066 0.29312
-122.33211 47.60211 0.01833 0.00977 0.30835
-122.33211 47.60526 0.00454 0.01130 0.37209
-122.33211 47.60842 0.00572 0.01323 0.42347
-122.33211 47.61158 0.00605 0.01370 0.42460
-122.33211 47.61474 0.01715 0.01486 0.44600
-122.33211 47.61789 0.01733 0.01529 0.43938
-122.33211 47.62105 0.00609 0.01581 0.42758
-122.33211 47.62421 0.00556 0.01746 0.41652
-122.33211 47.62737 0.00128 0.02369 0.42678
-122.32737 47.58000 0.01087 0.10809 0.36116
-122.32737 47.58316 0.00028 0.06289 0.42130
-122.32737 47.58632 0.00092 0.03639 0.35387
-122.32737 47.58947 0.00127 0.03105 0.37864
-122.32737 47.59263 0.00095 0.02763 0.40803
-122.32737 47.59579 0.00194 0.01965 0.38870
-122.32737 47.59895 0.00897 0.01175 0.28024
-122.32737 47.60211 0.00433 0.01572 0.39882
-122.32737 47.60526 0.01450 0.02052 0.48212
-122.32737 47.60842 0.01609 0.02114 0.46919
-122.32737 47.61158 0.00515 0.02013 0.48190
-122.32737 47.61474 0.00733 0.01671 0.42763
-122.32737 47.61789 0.01691 0.01754 0.43604
-122.32737 47.62105 0.00589 0.02295 0.50553
-122.32737 47.62421 0.00592 0.02699 0.47387
-122.32737 47.62737 0.00105 0.03531 0.44872
-122.32737 47.63053 0.00062 0.05722 0.53591
-122.32737 47.63684 0.00209 0.03274 0.26022
-122.32737 47.64000 0.00189 0.03837 0.24262
-122.32263 47.58000 -0.00027 0.18588 0.57262
-122.32263 47.58316 0.00013 0.07641 0.39870
-122.32263 47.58632 0.00069 0.04373 0.31077
-122.32263 47.58947 -0.00004 0.05910 0.54683
-122.32263 47.59263 -0.00001 0.05043 0.56543
-122.32263 47.59579 0.00097 0.02700 0.38754
-122.32263 47.59895 0.00363 0.02248 0.37872
-122.32263 47.60211 0.00307 0.03080 0.51181
-122.32263 47.60526 0.01385 0.03522 0.53968
-122.32263 47.60842 0.01578 0.03198 0.49530
-122.32263 47.61158 0.01792 0.01975 0.37744
-122.32263 47.61474 0.00781 0.01374 0.32461
-122.32263 47.61789 0.01078 0.01467 0.34764
-122.32263 47.62105 0.00804 0.01921 0.36977
-122.32263 47.62421 0.00702 0.02660 0.38993
-122.32263 47.62737 0.00139 0.04666 0.48611
-122.32263 47.63053 0.00040 0.07089 0.54963
-122.32263 47.63368 0.00129 0.05477 0.39710
-122.32263 47.63684 0.00170 0.03704 0.27036
-122.32263 47.64000 0.00138 0.05735 0.33663
-122.31789 47.58000 -0.00036 0.25127 0.62602
-122.31789 47.58316 -0.00023 0.12503 0.51259
-122.31789 47.58632 0.00022 0.07778 0.44578
-122.31789 47.58947 0.00007 0.06208 0.41119
-122.31789 47.59263 -0.00021 0.06881 0.58333
-122.31789 47.59579 0.00011 0.04907 0.52127
-122.31789 47.59895 0.00226 0.03919 0.44050
-122.31789 47.60211 0.00330 0.04619 0.49844
-122.31789 47.60526 0.00345 0.04989 0.51079
-122.31789 47.60842 0.01417 0.04306 0.51989
-122.31789 47.61158 0.01612 0.02392 0.39443
-122.31789 47.61474 0.00820 0.01512 0.30506
-122.31789 47.61789 0.00594 0.01821 0.38213
-122.31789 47.62105 0.00609 0.02326 0.38699
-122.31789 47.62421 0.00453 0.03818 0.46381
-122.31789 47.62737 0.00115 0.06372 0.51534
-122.31789 47.63053 0.00116 0.08566 0.49159
-122.31789 47.63368 0.00087 0.10159 0.53732
-122.31789 47.63684 0.00089 0.10092 0.48993
-122.31789 47.64000 0.00054 0.13939 0.50540
-122.31316 47.58000 0.00115 0.22896 0.45163
-122.31316 47.58316 0.00086 0.15053 0.49619
-122.31316 47.58632 0.00087 0.09969 0.49026
-122.31316 47.58947 0.00136 0.05723 0.35763
-122.31316 47.59263 0.00159 0.04906 0.37032
-122.31316 47.59579 0.00201 0.04497 0.38342
-122.31316 47.59895 0.00191 0.04681 0.40921
-122.31316 47.60211 0.00322 0.04979 0.42361
-122.31316 47.60526 0.00327 0.06012 0.49407
-122.31316 47.60842 0.01391 0.05706 0.54281
-122.31316 47.61158 0.00350 0.03639 0.46383
-122.31316 47.61474 0.00581 0.02351 0.33661
-122.31316 47.61789 0.00377 0.02877 0.43485
-122.31316 47.62105 0.01519 0.03221 0.38000
-122.31316 47.62421 0.01452 0.05621 0.50266
-122.31316 47.62737 0.00083 0.09991 0.61412
-122.31316 47.63053 0.00091 0.11724 0.52160
-122.31316 47.63368 0.00089 0.14629 0.55676
-122.31316 47.63684 0.00002 0.19032 0.62322
-122.31316 47.64000 0.00042 0.26027 0.66855
-122.30842 47.58000 0.00104 0.26993 0.55320
-122.30842 47.58316 0.00088 0.13630 0.42981
-122.30842 47.58632 0.00095 0.09516 0.44663
-122.30842 47.58947 0.00118 0.06044 0.35934
-122.30842 47.59263 0.00161 0.05107 0.34900
-122.30842 47.59579 0.00125 0.05454 0.40631
-122.30842 47.59895 0.00142 0.05795 0.39444
-122.30842 47.60211 0.00216 0.06132 0.38418
-122.30842 47.60526 0.00184 0.06635 0.44958
-122.30842 47.60842 0.00185 0.06038 0.46629
-122.30842 47.61158 0.00334 0.04447 0.39242
-122.30842 47.61474 0.00326 0.04149 0.42590
-122.30842 47.61789 0.00279 0.04410 0.44542
-122.30842 47.62105 0.00197 0.05632 0.48821
-122.30842 47.62421 0.00210 0.06759 0.45180
-122.30842 47.62737 0.00078 0.10986 0.54563
-122.30842 47.63053 0.00094 0.12650 0.48702
-122.30842 47.63368 0.00020 0.14470 0.48438
-122.30842 47.63684 0.00005 0.17298 0.49423
-122.30842 47.64000 0.00015 0.18529 0.38129
-122.30368 47.58000 0.00111 0.22790 0.47551
-122.30368 47.58316 0.01204 0.10370 0.31694
-122.30368 47.58632 0.00101 0.09008 0.40875
-122.30368 47.58947 0.00124 0.06985 0.37549
-122.30368 47.59263 0.00140 0.07093 0.42066
-122.30368 47.59579 0.00130 0.07907 0.48999
-122.30368 47.59895 0.00130 0.08485 0.48675
-122.30368 47.60211 0.00173 0.08776 0.46411
-122.30368 47.60526 0.00140 0.09107 0.51757
-122.30368 47.60842 0.00173 0.06808 0.44148
-122.30368 47.61158 0.00292 0.05656 0.40191
-122.30368 47.61474 0.00270 0.06645 0.48552
-122.30368 47.61789 0.00273 0.05555 0.38391
-122.30368 47.62105 0.00218 0.06662 0.45666
-122.30368 47.62421 0.00216 0.07355 0.43769
-122.30368 47.62737 0.00102 0.09561 0.46970
-122.30368 47.63053 0.00091 0.11743 0.46956
-122.30368 47.63368 0.00034 0.12506 0.43300
-122.30368 47.63684 0.00079 0.11282 0.28351
-122.30368 47.64000 0.00060 0.16673 0.32379
-122.29895 47.58000 0.01089 0.20986 0.42355
-122.29895 47.58316 0.01101 0.13142 0.41033
-122.29895 47.58632 0.00028 0.09534 0.38541
-122.29895 47.58947 0.00044 0.07749 0.35576
-122.29895 47.59263 0.00065 0.07594 0.38731
-122.29895 47.59579 0.00068 0.07706 0.40077
-122.29895 47.59895 0.00063 0.07518 0.36754
-122.29895 47.60211 0.00092 0.09235 0.46889
-122.29895 47.60526 0.00078 0.10934 0.55610
-122.29895 47.60842 0.00116 0.08217 0.42068
-122.29895 47.61158 0.00108 0.08214 0.46137
-122.29895 47.61474 0.00135 0.08825 0.49586
-122.29895 47.61789 0.00166 0.07349 0.42680
-122.29895 47.62105 0.00163 0.06308 0.36370
-122.29895 47.62421 0.00168 0.06956 0.40221
-122.29895 47.62737 0.00115 0.07562 0.37964
-122.29895 47.63053 0.00051 0.09361 0.38641
-122.29895 47.63368 0.00040 0.11589 0.40412
-122.29895 47.63684 0.00032 0.14789 0.40618
-122.29895 47.64000 0.00020 0.22315 0.44633
-122.29421 47.58000 0.00009 0.16701 0.29102
-122.29421 47.58316 0.00008 0.16262 0.46310
-122.29421 47.58632 0.00007 0.13436 0.46579
-122.29421 47.58947 0.00021 0.09179 0.34567
-122.29421 47.59263 0.00048 0.09649 0.42188
-122.29421 47.59579 0.00052 0.08793 0.40393
-122.29421 47.59895 0.00045 0.08044 0.37230
-122.29421 47.60211 0.00123 0.08015 0.35929
-122.29421 47.60526 0.00111 0.09180 0.41885
-122.29421 47.60842 0.00126 0.09154 0.41524
-122.29421 47.61158 0.00104 0.09528 0.42575
-122.29421 47.61474 0.00119 0.11111 0.50859
-122.29421 47.61789 0.00135 0.10407 0.49266
-122.29421 47.62105 0.00131 0.08441 0.44328
-122.29421 47.62421 0.00189 0.06044 0.32638
-122.29421 47.62737 0.00063 0.07031 0.35171
-122.29421 47.63053 0.00012 0.11627 0.47754
-122.29421 47.63368 -0.00007 0.17400 0.54982
-122.29421 47.63684 -0.00012 0.23746 0.57583
-122.29421 47.64000 -0.00007 0.28729 0.46151
-122.28947 47.58000 0.00004 0.21465 0.34610
-122.28947 47.58316 0.00029 0.13997 0.29368
-122.28947 47.58632 0.00015 0.15785 0.43178
-122.28947 47.58947 0.00030 0.12758 0.38697
-122.28947 47.59263 0.00029 0.13080 0.44132
-122.28947 47.59579 0.00048 0.10188 0.35682
-122.28947 47.59895 0.00039 0.09983 0.39473
-122.28947 47.60211 0.00008 0.10100 0.42426
-122.28947 47.60526 0.00016 0.09670 0.41886
-122.28947 47.60842 0.00012 0.09558 0.40522
-122.28947 47.61158 0.00023 0.10210 0.40827
-122.28947 47.61474 0.00023 0.11178 0.41523
-122.28947 47.61789 0.00010 0.12249 0.45759
-122.28947 47.62105 0.00010 0.10570 0.46721
-122.28947 47.62421 0.00047 0.07338 0.36001
-122.28947 47.62737 0.00049 0.07255 0.34124
-122.28947 47.63053 -0.00002 0.12165 0.48879
-122.28947 47.63368 -0.00021 0.18588 0.58807
-122.28947 47.63684 -0.00021 0.27263 0.64297
-122.28947 47.64000 -0.00019 0.40425 0.68303
-122.28474 47.58000 -0.00006 0.35541 0.48016
-122.28474 47.60211 0.00021 0.10227 0.29974
-122.28474 47.60526 0.00031 0.09544 0.32673
-122.28474 47.60842 0.00039 0.08824 0.31343
-122.28474 47.61158 0.00023 0.10949 0.38055
-122.28474 47.61474 0.00015 0.12084 0.38355
-122.28474 47.61789 0.00013 0.13005 0.40573
-122.28474 47.62105 0.00020 0.11312 0.37388
-122.28474 47.62421 0.00006 0.12188 0.46049
-122.28474 47.62737 0.00034 0.09399 0.35309
-122.28474 47.63053 0.00038 0.08449 0.29776
-122.28474 47.63368 0.00036 0.08938 0.25971
-122.28474 47.63684 0.00021 0.17178 0.36202
-122.28474 47.64000 -0.00018 0.37275 0.59755
-122.28000 47.62737 -0.00003 0.17241 0.44397
-122.28000 47.63053 0.00004 0.14186 0.39661
-122.28000 47.63368 0.00017 0.12089 0.28049
-122.28000 47.63684 0.00015 0.20214 0.35941
-122.28000 47.64000 -0.00011 0.39422 0.56197
